[array([[150, 150, 150, ..., 150, 150, 150],
       [ 24,  25,  21, ...,  40,  41,  43],
       [ 24,  30,  25, ...,  41,  45,  40],
       ...,
       [ 51,  50, 105, ..., 144, 142, 138],
       [ 45,  47,  76, ..., 147, 142, 138],
       [ 59,  56,  65, ..., 145, 143, 140]], dtype=uint8), array([[ 29,  27,  30, ..., 153, 161, 161],
       [150, 150, 150, ..., 150, 150, 164],
       [150, 150, 150, ..., 150, 150, 150],
       ...,
       [150, 150,  77, ..., 150, 150, 150],
       [150, 150,  65, ..., 150, 150, 150],
       [150, 150, 150, ..., 150, 150, 150]], dtype=uint8), array([[150,  32,  29, ..., 143, 164, 154],
       [150,  31,  29, ..., 134, 158, 159],
       [150,  32,  31, ..., 131, 153, 162],
       ...,
       [150, 119, 114, ..., 135, 143, 138],
       [150,  86,  76, ..., 142, 142, 140],
       [150,  71,  62, ..., 146, 133, 140]], dtype=uint8), array([[ 39,  37,  39, ...,  66,  62,  52],
       [ 38,  38,  37, ...,  55,  62,  59],
       [ 37,  37,  37, ...,  53,  60,  54],
       ...,
       [153, 125,  74, ...,  75,  71,  76],
       [150, 125,  71, ...,  75,  76,  73],
       [146, 121,  66, ...,  72,  72,  73]], dtype=uint8), array([[150, 150, 150, ..., 150, 150, 150],
       [150, 150, 150, ..., 150, 150, 150],
       [ 24,  25,  26, ..., 114, 162, 165],
       ...,
       [148, 142, 139, ..., 131,  82,  77],
       [147, 146, 144, ..., 139, 102,  79],
       [146, 148, 153, ..., 144, 107,  82]], dtype=uint8), array([[150, 150, 150, ..., 150, 150, 150],
       [150,  22,  23, ...,  44,  50, 107],
       [150,  16,  23, ...,  52,  60,  90],
       ...,
       [150,  39,  43, ..., 142, 142, 139],
       [150,  36,  52, ..., 143, 140, 138],
       [150,  51,  58, ..., 145, 138, 138]], dtype=uint8), array([[ 33,  29,  31, ..., 167, 167, 170],
       [ 34,  33, 150, ..., 150, 167, 170],
       [ 34, 150, 150, ..., 150, 150, 168],
       ...,
       [ 73, 150, 150, ..., 150, 150, 150],
       [ 64,  61, 150, ..., 150, 144, 146],
       [ 77,  74,  67, ..., 144, 140, 145]], dtype=uint8), array([[150, 150, 150, ..., 150, 150, 150],
       [150, 150, 150, ..., 150, 150, 150],
       [150, 150,  26, ..., 153, 154, 150],
       ...,
       [150, 150,  68, ..., 139, 143, 150],
       [150, 150,  65, ..., 144, 142, 150],
       [150, 150, 150, ..., 150, 150, 150]], dtype=uint8), array([[150, 150, 150, ..., 150, 150, 150],
       [150, 150, 150, ..., 150, 150, 150],
       [150, 150,  29, ..., 160, 161, 150],
       ...,
       [150, 150,  73, ..., 145, 144, 150],
       [150, 150,  75, ..., 145, 145, 150],
       [150, 150, 150, ..., 150, 150, 150]], dtype=uint8), array([[150, 150, 150, ..., 150, 150, 150],
       [ 26,  34,  28, ..., 164, 162, 164],
       [ 24,  32,  25, ..., 166, 165, 165],
       ...,
       [ 73,  73,  76, ..., 121, 101,  80],
       [ 73,  72,  74, ..., 118, 108,  90],
       [ 74,  75,  80, ..., 129, 119, 100]], dtype=uint8), array([[ 27,  27,  23, ...,  40,  37,  53],
       [ 24,  27,  25, ...,  48,  45,  65],
       [ 29,  28,  26, ...,  52,  46,  65],
       ...,
       [ 73, 130, 135, ..., 144, 142, 144],
       [ 72, 130, 138, ..., 146, 146, 147],
       [ 73, 122, 126, ..., 145, 151, 146]], dtype=uint8), array([[ 24,  32,  36, ..., 158, 160, 164],
       [ 27,  32,  30, ..., 160, 161, 170],
       [ 32,  31,  32, ..., 157, 159, 166],
       ...,
       [147, 151, 138, ..., 133, 100,  80],
       [146, 151, 133, ..., 142, 122,  82],
       [148, 149, 137, ..., 138, 128,  93]], dtype=uint8), array([[ 24,  24,  25, ...,  52,  50,  48],
       [ 25,  24,  23, ...,  59,  52,  43],
       [ 24,  22,  24, ...,  60,  53,  41],
       ...,
       [149, 147, 146, ..., 147, 140, 122],
       [150, 148, 147, ..., 144, 150, 150],
       [150, 152, 144, ..., 143, 148, 152]], dtype=uint8)]